# MNIST-Add N=1: carry-chain digit sum of two 1-digit numbers.
# Generated by examples/generate_mnist_add.py

var a_1 10
var b_1 10
var s_0 10
var s_1 10

ordering a_1 b_1 s_1 s_0

# position 0: (a_1, b_1) -> s_1, s_0
[1,2,3,4,5,6,7,8,9]:a_1 or [1,2,3,4,5,6,7,8,9]:b_1 or [0]:s_1
[1,2,3,4,5,6,7,8,9]:a_1 or [1,2,3,4,5,6,7,8,9]:b_1 or [0]:s_0
[1,2,3,4,5,6,7,8,9]:a_1 or [0,2,3,4,5,6,7,8,9]:b_1 or [1]:s_1
[1,2,3,4,5,6,7,8,9]:a_1 or [0,2,3,4,5,6,7,8,9]:b_1 or [0]:s_0
[1,2,3,4,5,6,7,8,9]:a_1 or [0,1,3,4,5,6,7,8,9]:b_1 or [2]:s_1
[1,2,3,4,5,6,7,8,9]:a_1 or [0,1,3,4,5,6,7,8,9]:b_1 or [0]:s_0
[1,2,3,4,5,6,7,8,9]:a_1 or [0,1,2,4,5,6,7,8,9]:b_1 or [3]:s_1
[1,2,3,4,5,6,7,8,9]:a_1 or [0,1,2,4,5,6,7,8,9]:b_1 or [0]:s_0
[1,2,3,4,5,6,7,8,9]:a_1 or [0,1,2,3,5,6,7,8,9]:b_1 or [4]:s_1
[1,2,3,4,5,6,7,8,9]:a_1 or [0,1,2,3,5,6,7,8,9]:b_1 or [0]:s_0
[1,2,3,4,5,6,7,8,9]:a_1 or [0,1,2,3,4,6,7,8,9]:b_1 or [5]:s_1
[1,2,3,4,5,6,7,8,9]:a_1 or [0,1,2,3,4,6,7,8,9]:b_1 or [0]:s_0
[1,2,3,4,5,6,7,8,9]:a_1 or [0,1,2,3,4,5,7,8,9]:b_1 or [6]:s_1
[1,2,3,4,5,6,7,8,9]:a_1 or [0,1,2,3,4,5,7,8,9]:b_1 or [0]:s_0
[1,2,3,4,5,6,7,8,9]:a_1 or [0,1,2,3,4,5,6,8,9]:b_1 or [7]:s_1
[1,2,3,4,5,6,7,8,9]:a_1 or [0,1,2,3,4,5,6,8,9]:b_1 or [0]:s_0
[1,2,3,4,5,6,7,8,9]:a_1 or [0,1,2,3,4,5,6,7,9]:b_1 or [8]:s_1
[1,2,3,4,5,6,7,8,9]:a_1 or [0,1,2,3,4,5,6,7,9]:b_1 or [0]:s_0
[1,2,3,4,5,6,7,8,9]:a_1 or [0,1,2,3,4,5,6,7,8]:b_1 or [9]:s_1
[1,2,3,4,5,6,7,8,9]:a_1 or [0,1,2,3,4,5,6,7,8]:b_1 or [0]:s_0
[0,2,3,4,5,6,7,8,9]:a_1 or [1,2,3,4,5,6,7,8,9]:b_1 or [1]:s_1
[0,2,3,4,5,6,7,8,9]:a_1 or [1,2,3,4,5,6,7,8,9]:b_1 or [0]:s_0
[0,2,3,4,5,6,7,8,9]:a_1 or [0,2,3,4,5,6,7,8,9]:b_1 or [2]:s_1
[0,2,3,4,5,6,7,8,9]:a_1 or [0,2,3,4,5,6,7,8,9]:b_1 or [0]:s_0
[0,2,3,4,5,6,7,8,9]:a_1 or [0,1,3,4,5,6,7,8,9]:b_1 or [3]:s_1
[0,2,3,4,5,6,7,8,9]:a_1 or [0,1,3,4,5,6,7,8,9]:b_1 or [0]:s_0
[0,2,3,4,5,6,7,8,9]:a_1 or [0,1,2,4,5,6,7,8,9]:b_1 or [4]:s_1
[0,2,3,4,5,6,7,8,9]:a_1 or [0,1,2,4,5,6,7,8,9]:b_1 or [0]:s_0
[0,2,3,4,5,6,7,8,9]:a_1 or [0,1,2,3,5,6,7,8,9]:b_1 or [5]:s_1
[0,2,3,4,5,6,7,8,9]:a_1 or [0,1,2,3,5,6,7,8,9]:b_1 or [0]:s_0
[0,2,3,4,5,6,7,8,9]:a_1 or [0,1,2,3,4,6,7,8,9]:b_1 or [6]:s_1
[0,2,3,4,5,6,7,8,9]:a_1 or [0,1,2,3,4,6,7,8,9]:b_1 or [0]:s_0
[0,2,3,4,5,6,7,8,9]:a_1 or [0,1,2,3,4,5,7,8,9]:b_1 or [7]:s_1
[0,2,3,4,5,6,7,8,9]:a_1 or [0,1,2,3,4,5,7,8,9]:b_1 or [0]:s_0
[0,2,3,4,5,6,7,8,9]:a_1 or [0,1,2,3,4,5,6,8,9]:b_1 or [8]:s_1
[0,2,3,4,5,6,7,8,9]:a_1 or [0,1,2,3,4,5,6,8,9]:b_1 or [0]:s_0
[0,2,3,4,5,6,7,8,9]:a_1 or [0,1,2,3,4,5,6,7,9]:b_1 or [9]:s_1
[0,2,3,4,5,6,7,8,9]:a_1 or [0,1,2,3,4,5,6,7,9]:b_1 or [0]:s_0
[0,2,3,4,5,6,7,8,9]:a_1 or [0,1,2,3,4,5,6,7,8]:b_1 or [0]:s_1
[0,2,3,4,5,6,7,8,9]:a_1 or [0,1,2,3,4,5,6,7,8]:b_1 or [1]:s_0
[0,1,3,4,5,6,7,8,9]:a_1 or [1,2,3,4,5,6,7,8,9]:b_1 or [2]:s_1
[0,1,3,4,5,6,7,8,9]:a_1 or [1,2,3,4,5,6,7,8,9]:b_1 or [0]:s_0
[0,1,3,4,5,6,7,8,9]:a_1 or [0,2,3,4,5,6,7,8,9]:b_1 or [3]:s_1
[0,1,3,4,5,6,7,8,9]:a_1 or [0,2,3,4,5,6,7,8,9]:b_1 or [0]:s_0
[0,1,3,4,5,6,7,8,9]:a_1 or [0,1,3,4,5,6,7,8,9]:b_1 or [4]:s_1
[0,1,3,4,5,6,7,8,9]:a_1 or [0,1,3,4,5,6,7,8,9]:b_1 or [0]:s_0
[0,1,3,4,5,6,7,8,9]:a_1 or [0,1,2,4,5,6,7,8,9]:b_1 or [5]:s_1
[0,1,3,4,5,6,7,8,9]:a_1 or [0,1,2,4,5,6,7,8,9]:b_1 or [0]:s_0
[0,1,3,4,5,6,7,8,9]:a_1 or [0,1,2,3,5,6,7,8,9]:b_1 or [6]:s_1
[0,1,3,4,5,6,7,8,9]:a_1 or [0,1,2,3,5,6,7,8,9]:b_1 or [0]:s_0
[0,1,3,4,5,6,7,8,9]:a_1 or [0,1,2,3,4,6,7,8,9]:b_1 or [7]:s_1
[0,1,3,4,5,6,7,8,9]:a_1 or [0,1,2,3,4,6,7,8,9]:b_1 or [0]:s_0
[0,1,3,4,5,6,7,8,9]:a_1 or [0,1,2,3,4,5,7,8,9]:b_1 or [8]:s_1
[0,1,3,4,5,6,7,8,9]:a_1 or [0,1,2,3,4,5,7,8,9]:b_1 or [0]:s_0
[0,1,3,4,5,6,7,8,9]:a_1 or [0,1,2,3,4,5,6,8,9]:b_1 or [9]:s_1
[0,1,3,4,5,6,7,8,9]:a_1 or [0,1,2,3,4,5,6,8,9]:b_1 or [0]:s_0
[0,1,3,4,5,6,7,8,9]:a_1 or [0,1,2,3,4,5,6,7,9]:b_1 or [0]:s_1
[0,1,3,4,5,6,7,8,9]:a_1 or [0,1,2,3,4,5,6,7,9]:b_1 or [1]:s_0
[0,1,3,4,5,6,7,8,9]:a_1 or [0,1,2,3,4,5,6,7,8]:b_1 or [1]:s_1
[0,1,3,4,5,6,7,8,9]:a_1 or [0,1,2,3,4,5,6,7,8]:b_1 or [1]:s_0
[0,1,2,4,5,6,7,8,9]:a_1 or [1,2,3,4,5,6,7,8,9]:b_1 or [3]:s_1
[0,1,2,4,5,6,7,8,9]:a_1 or [1,2,3,4,5,6,7,8,9]:b_1 or [0]:s_0
[0,1,2,4,5,6,7,8,9]:a_1 or [0,2,3,4,5,6,7,8,9]:b_1 or [4]:s_1
[0,1,2,4,5,6,7,8,9]:a_1 or [0,2,3,4,5,6,7,8,9]:b_1 or [0]:s_0
[0,1,2,4,5,6,7,8,9]:a_1 or [0,1,3,4,5,6,7,8,9]:b_1 or [5]:s_1
[0,1,2,4,5,6,7,8,9]:a_1 or [0,1,3,4,5,6,7,8,9]:b_1 or [0]:s_0
[0,1,2,4,5,6,7,8,9]:a_1 or [0,1,2,4,5,6,7,8,9]:b_1 or [6]:s_1
[0,1,2,4,5,6,7,8,9]:a_1 or [0,1,2,4,5,6,7,8,9]:b_1 or [0]:s_0
[0,1,2,4,5,6,7,8,9]:a_1 or [0,1,2,3,5,6,7,8,9]:b_1 or [7]:s_1
[0,1,2,4,5,6,7,8,9]:a_1 or [0,1,2,3,5,6,7,8,9]:b_1 or [0]:s_0
[0,1,2,4,5,6,7,8,9]:a_1 or [0,1,2,3,4,6,7,8,9]:b_1 or [8]:s_1
[0,1,2,4,5,6,7,8,9]:a_1 or [0,1,2,3,4,6,7,8,9]:b_1 or [0]:s_0
[0,1,2,4,5,6,7,8,9]:a_1 or [0,1,2,3,4,5,7,8,9]:b_1 or [9]:s_1
[0,1,2,4,5,6,7,8,9]:a_1 or [0,1,2,3,4,5,7,8,9]:b_1 or [0]:s_0
[0,1,2,4,5,6,7,8,9]:a_1 or [0,1,2,3,4,5,6,8,9]:b_1 or [0]:s_1
[0,1,2,4,5,6,7,8,9]:a_1 or [0,1,2,3,4,5,6,8,9]:b_1 or [1]:s_0
[0,1,2,4,5,6,7,8,9]:a_1 or [0,1,2,3,4,5,6,7,9]:b_1 or [1]:s_1
[0,1,2,4,5,6,7,8,9]:a_1 or [0,1,2,3,4,5,6,7,9]:b_1 or [1]:s_0
[0,1,2,4,5,6,7,8,9]:a_1 or [0,1,2,3,4,5,6,7,8]:b_1 or [2]:s_1
[0,1,2,4,5,6,7,8,9]:a_1 or [0,1,2,3,4,5,6,7,8]:b_1 or [1]:s_0
[0,1,2,3,5,6,7,8,9]:a_1 or [1,2,3,4,5,6,7,8,9]:b_1 or [4]:s_1
[0,1,2,3,5,6,7,8,9]:a_1 or [1,2,3,4,5,6,7,8,9]:b_1 or [0]:s_0
[0,1,2,3,5,6,7,8,9]:a_1 or [0,2,3,4,5,6,7,8,9]:b_1 or [5]:s_1
[0,1,2,3,5,6,7,8,9]:a_1 or [0,2,3,4,5,6,7,8,9]:b_1 or [0]:s_0
[0,1,2,3,5,6,7,8,9]:a_1 or [0,1,3,4,5,6,7,8,9]:b_1 or [6]:s_1
[0,1,2,3,5,6,7,8,9]:a_1 or [0,1,3,4,5,6,7,8,9]:b_1 or [0]:s_0
[0,1,2,3,5,6,7,8,9]:a_1 or [0,1,2,4,5,6,7,8,9]:b_1 or [7]:s_1
[0,1,2,3,5,6,7,8,9]:a_1 or [0,1,2,4,5,6,7,8,9]:b_1 or [0]:s_0
[0,1,2,3,5,6,7,8,9]:a_1 or [0,1,2,3,5,6,7,8,9]:b_1 or [8]:s_1
[0,1,2,3,5,6,7,8,9]:a_1 or [0,1,2,3,5,6,7,8,9]:b_1 or [0]:s_0
[0,1,2,3,5,6,7,8,9]:a_1 or [0,1,2,3,4,6,7,8,9]:b_1 or [9]:s_1
[0,1,2,3,5,6,7,8,9]:a_1 or [0,1,2,3,4,6,7,8,9]:b_1 or [0]:s_0
[0,1,2,3,5,6,7,8,9]:a_1 or [0,1,2,3,4,5,7,8,9]:b_1 or [0]:s_1
[0,1,2,3,5,6,7,8,9]:a_1 or [0,1,2,3,4,5,7,8,9]:b_1 or [1]:s_0
[0,1,2,3,5,6,7,8,9]:a_1 or [0,1,2,3,4,5,6,8,9]:b_1 or [1]:s_1
[0,1,2,3,5,6,7,8,9]:a_1 or [0,1,2,3,4,5,6,8,9]:b_1 or [1]:s_0
[0,1,2,3,5,6,7,8,9]:a_1 or [0,1,2,3,4,5,6,7,9]:b_1 or [2]:s_1
[0,1,2,3,5,6,7,8,9]:a_1 or [0,1,2,3,4,5,6,7,9]:b_1 or [1]:s_0
[0,1,2,3,5,6,7,8,9]:a_1 or [0,1,2,3,4,5,6,7,8]:b_1 or [3]:s_1
[0,1,2,3,5,6,7,8,9]:a_1 or [0,1,2,3,4,5,6,7,8]:b_1 or [1]:s_0
[0,1,2,3,4,6,7,8,9]:a_1 or [1,2,3,4,5,6,7,8,9]:b_1 or [5]:s_1
[0,1,2,3,4,6,7,8,9]:a_1 or [1,2,3,4,5,6,7,8,9]:b_1 or [0]:s_0
[0,1,2,3,4,6,7,8,9]:a_1 or [0,2,3,4,5,6,7,8,9]:b_1 or [6]:s_1
[0,1,2,3,4,6,7,8,9]:a_1 or [0,2,3,4,5,6,7,8,9]:b_1 or [0]:s_0
[0,1,2,3,4,6,7,8,9]:a_1 or [0,1,3,4,5,6,7,8,9]:b_1 or [7]:s_1
[0,1,2,3,4,6,7,8,9]:a_1 or [0,1,3,4,5,6,7,8,9]:b_1 or [0]:s_0
[0,1,2,3,4,6,7,8,9]:a_1 or [0,1,2,4,5,6,7,8,9]:b_1 or [8]:s_1
[0,1,2,3,4,6,7,8,9]:a_1 or [0,1,2,4,5,6,7,8,9]:b_1 or [0]:s_0
[0,1,2,3,4,6,7,8,9]:a_1 or [0,1,2,3,5,6,7,8,9]:b_1 or [9]:s_1
[0,1,2,3,4,6,7,8,9]:a_1 or [0,1,2,3,5,6,7,8,9]:b_1 or [0]:s_0
[0,1,2,3,4,6,7,8,9]:a_1 or [0,1,2,3,4,6,7,8,9]:b_1 or [0]:s_1
[0,1,2,3,4,6,7,8,9]:a_1 or [0,1,2,3,4,6,7,8,9]:b_1 or [1]:s_0
[0,1,2,3,4,6,7,8,9]:a_1 or [0,1,2,3,4,5,7,8,9]:b_1 or [1]:s_1
[0,1,2,3,4,6,7,8,9]:a_1 or [0,1,2,3,4,5,7,8,9]:b_1 or [1]:s_0
[0,1,2,3,4,6,7,8,9]:a_1 or [0,1,2,3,4,5,6,8,9]:b_1 or [2]:s_1
[0,1,2,3,4,6,7,8,9]:a_1 or [0,1,2,3,4,5,6,8,9]:b_1 or [1]:s_0
[0,1,2,3,4,6,7,8,9]:a_1 or [0,1,2,3,4,5,6,7,9]:b_1 or [3]:s_1
[0,1,2,3,4,6,7,8,9]:a_1 or [0,1,2,3,4,5,6,7,9]:b_1 or [1]:s_0
[0,1,2,3,4,6,7,8,9]:a_1 or [0,1,2,3,4,5,6,7,8]:b_1 or [4]:s_1
[0,1,2,3,4,6,7,8,9]:a_1 or [0,1,2,3,4,5,6,7,8]:b_1 or [1]:s_0
[0,1,2,3,4,5,7,8,9]:a_1 or [1,2,3,4,5,6,7,8,9]:b_1 or [6]:s_1
[0,1,2,3,4,5,7,8,9]:a_1 or [1,2,3,4,5,6,7,8,9]:b_1 or [0]:s_0
[0,1,2,3,4,5,7,8,9]:a_1 or [0,2,3,4,5,6,7,8,9]:b_1 or [7]:s_1
[0,1,2,3,4,5,7,8,9]:a_1 or [0,2,3,4,5,6,7,8,9]:b_1 or [0]:s_0
[0,1,2,3,4,5,7,8,9]:a_1 or [0,1,3,4,5,6,7,8,9]:b_1 or [8]:s_1
[0,1,2,3,4,5,7,8,9]:a_1 or [0,1,3,4,5,6,7,8,9]:b_1 or [0]:s_0
[0,1,2,3,4,5,7,8,9]:a_1 or [0,1,2,4,5,6,7,8,9]:b_1 or [9]:s_1
[0,1,2,3,4,5,7,8,9]:a_1 or [0,1,2,4,5,6,7,8,9]:b_1 or [0]:s_0
[0,1,2,3,4,5,7,8,9]:a_1 or [0,1,2,3,5,6,7,8,9]:b_1 or [0]:s_1
[0,1,2,3,4,5,7,8,9]:a_1 or [0,1,2,3,5,6,7,8,9]:b_1 or [1]:s_0
[0,1,2,3,4,5,7,8,9]:a_1 or [0,1,2,3,4,6,7,8,9]:b_1 or [1]:s_1
[0,1,2,3,4,5,7,8,9]:a_1 or [0,1,2,3,4,6,7,8,9]:b_1 or [1]:s_0
[0,1,2,3,4,5,7,8,9]:a_1 or [0,1,2,3,4,5,7,8,9]:b_1 or [2]:s_1
[0,1,2,3,4,5,7,8,9]:a_1 or [0,1,2,3,4,5,7,8,9]:b_1 or [1]:s_0
[0,1,2,3,4,5,7,8,9]:a_1 or [0,1,2,3,4,5,6,8,9]:b_1 or [3]:s_1
[0,1,2,3,4,5,7,8,9]:a_1 or [0,1,2,3,4,5,6,8,9]:b_1 or [1]:s_0
[0,1,2,3,4,5,7,8,9]:a_1 or [0,1,2,3,4,5,6,7,9]:b_1 or [4]:s_1
[0,1,2,3,4,5,7,8,9]:a_1 or [0,1,2,3,4,5,6,7,9]:b_1 or [1]:s_0
[0,1,2,3,4,5,7,8,9]:a_1 or [0,1,2,3,4,5,6,7,8]:b_1 or [5]:s_1
[0,1,2,3,4,5,7,8,9]:a_1 or [0,1,2,3,4,5,6,7,8]:b_1 or [1]:s_0
[0,1,2,3,4,5,6,8,9]:a_1 or [1,2,3,4,5,6,7,8,9]:b_1 or [7]:s_1
[0,1,2,3,4,5,6,8,9]:a_1 or [1,2,3,4,5,6,7,8,9]:b_1 or [0]:s_0
[0,1,2,3,4,5,6,8,9]:a_1 or [0,2,3,4,5,6,7,8,9]:b_1 or [8]:s_1
[0,1,2,3,4,5,6,8,9]:a_1 or [0,2,3,4,5,6,7,8,9]:b_1 or [0]:s_0
[0,1,2,3,4,5,6,8,9]:a_1 or [0,1,3,4,5,6,7,8,9]:b_1 or [9]:s_1
[0,1,2,3,4,5,6,8,9]:a_1 or [0,1,3,4,5,6,7,8,9]:b_1 or [0]:s_0
[0,1,2,3,4,5,6,8,9]:a_1 or [0,1,2,4,5,6,7,8,9]:b_1 or [0]:s_1
[0,1,2,3,4,5,6,8,9]:a_1 or [0,1,2,4,5,6,7,8,9]:b_1 or [1]:s_0
[0,1,2,3,4,5,6,8,9]:a_1 or [0,1,2,3,5,6,7,8,9]:b_1 or [1]:s_1
[0,1,2,3,4,5,6,8,9]:a_1 or [0,1,2,3,5,6,7,8,9]:b_1 or [1]:s_0
[0,1,2,3,4,5,6,8,9]:a_1 or [0,1,2,3,4,6,7,8,9]:b_1 or [2]:s_1
[0,1,2,3,4,5,6,8,9]:a_1 or [0,1,2,3,4,6,7,8,9]:b_1 or [1]:s_0
[0,1,2,3,4,5,6,8,9]:a_1 or [0,1,2,3,4,5,7,8,9]:b_1 or [3]:s_1
[0,1,2,3,4,5,6,8,9]:a_1 or [0,1,2,3,4,5,7,8,9]:b_1 or [1]:s_0
[0,1,2,3,4,5,6,8,9]:a_1 or [0,1,2,3,4,5,6,8,9]:b_1 or [4]:s_1
[0,1,2,3,4,5,6,8,9]:a_1 or [0,1,2,3,4,5,6,8,9]:b_1 or [1]:s_0
[0,1,2,3,4,5,6,8,9]:a_1 or [0,1,2,3,4,5,6,7,9]:b_1 or [5]:s_1
[0,1,2,3,4,5,6,8,9]:a_1 or [0,1,2,3,4,5,6,7,9]:b_1 or [1]:s_0
[0,1,2,3,4,5,6,8,9]:a_1 or [0,1,2,3,4,5,6,7,8]:b_1 or [6]:s_1
[0,1,2,3,4,5,6,8,9]:a_1 or [0,1,2,3,4,5,6,7,8]:b_1 or [1]:s_0
[0,1,2,3,4,5,6,7,9]:a_1 or [1,2,3,4,5,6,7,8,9]:b_1 or [8]:s_1
[0,1,2,3,4,5,6,7,9]:a_1 or [1,2,3,4,5,6,7,8,9]:b_1 or [0]:s_0
[0,1,2,3,4,5,6,7,9]:a_1 or [0,2,3,4,5,6,7,8,9]:b_1 or [9]:s_1
[0,1,2,3,4,5,6,7,9]:a_1 or [0,2,3,4,5,6,7,8,9]:b_1 or [0]:s_0
[0,1,2,3,4,5,6,7,9]:a_1 or [0,1,3,4,5,6,7,8,9]:b_1 or [0]:s_1
[0,1,2,3,4,5,6,7,9]:a_1 or [0,1,3,4,5,6,7,8,9]:b_1 or [1]:s_0
[0,1,2,3,4,5,6,7,9]:a_1 or [0,1,2,4,5,6,7,8,9]:b_1 or [1]:s_1
[0,1,2,3,4,5,6,7,9]:a_1 or [0,1,2,4,5,6,7,8,9]:b_1 or [1]:s_0
[0,1,2,3,4,5,6,7,9]:a_1 or [0,1,2,3,5,6,7,8,9]:b_1 or [2]:s_1
[0,1,2,3,4,5,6,7,9]:a_1 or [0,1,2,3,5,6,7,8,9]:b_1 or [1]:s_0
[0,1,2,3,4,5,6,7,9]:a_1 or [0,1,2,3,4,6,7,8,9]:b_1 or [3]:s_1
[0,1,2,3,4,5,6,7,9]:a_1 or [0,1,2,3,4,6,7,8,9]:b_1 or [1]:s_0
[0,1,2,3,4,5,6,7,9]:a_1 or [0,1,2,3,4,5,7,8,9]:b_1 or [4]:s_1
[0,1,2,3,4,5,6,7,9]:a_1 or [0,1,2,3,4,5,7,8,9]:b_1 or [1]:s_0
[0,1,2,3,4,5,6,7,9]:a_1 or [0,1,2,3,4,5,6,8,9]:b_1 or [5]:s_1
[0,1,2,3,4,5,6,7,9]:a_1 or [0,1,2,3,4,5,6,8,9]:b_1 or [1]:s_0
[0,1,2,3,4,5,6,7,9]:a_1 or [0,1,2,3,4,5,6,7,9]:b_1 or [6]:s_1
[0,1,2,3,4,5,6,7,9]:a_1 or [0,1,2,3,4,5,6,7,9]:b_1 or [1]:s_0
[0,1,2,3,4,5,6,7,9]:a_1 or [0,1,2,3,4,5,6,7,8]:b_1 or [7]:s_1
[0,1,2,3,4,5,6,7,9]:a_1 or [0,1,2,3,4,5,6,7,8]:b_1 or [1]:s_0
[0,1,2,3,4,5,6,7,8]:a_1 or [1,2,3,4,5,6,7,8,9]:b_1 or [9]:s_1
[0,1,2,3,4,5,6,7,8]:a_1 or [1,2,3,4,5,6,7,8,9]:b_1 or [0]:s_0
[0,1,2,3,4,5,6,7,8]:a_1 or [0,2,3,4,5,6,7,8,9]:b_1 or [0]:s_1
[0,1,2,3,4,5,6,7,8]:a_1 or [0,2,3,4,5,6,7,8,9]:b_1 or [1]:s_0
[0,1,2,3,4,5,6,7,8]:a_1 or [0,1,3,4,5,6,7,8,9]:b_1 or [1]:s_1
[0,1,2,3,4,5,6,7,8]:a_1 or [0,1,3,4,5,6,7,8,9]:b_1 or [1]:s_0
[0,1,2,3,4,5,6,7,8]:a_1 or [0,1,2,4,5,6,7,8,9]:b_1 or [2]:s_1
[0,1,2,3,4,5,6,7,8]:a_1 or [0,1,2,4,5,6,7,8,9]:b_1 or [1]:s_0
[0,1,2,3,4,5,6,7,8]:a_1 or [0,1,2,3,5,6,7,8,9]:b_1 or [3]:s_1
[0,1,2,3,4,5,6,7,8]:a_1 or [0,1,2,3,5,6,7,8,9]:b_1 or [1]:s_0
[0,1,2,3,4,5,6,7,8]:a_1 or [0,1,2,3,4,6,7,8,9]:b_1 or [4]:s_1
[0,1,2,3,4,5,6,7,8]:a_1 or [0,1,2,3,4,6,7,8,9]:b_1 or [1]:s_0
[0,1,2,3,4,5,6,7,8]:a_1 or [0,1,2,3,4,5,7,8,9]:b_1 or [5]:s_1
[0,1,2,3,4,5,6,7,8]:a_1 or [0,1,2,3,4,5,7,8,9]:b_1 or [1]:s_0
[0,1,2,3,4,5,6,7,8]:a_1 or [0,1,2,3,4,5,6,8,9]:b_1 or [6]:s_1
[0,1,2,3,4,5,6,7,8]:a_1 or [0,1,2,3,4,5,6,8,9]:b_1 or [1]:s_0
[0,1,2,3,4,5,6,7,8]:a_1 or [0,1,2,3,4,5,6,7,9]:b_1 or [7]:s_1
[0,1,2,3,4,5,6,7,8]:a_1 or [0,1,2,3,4,5,6,7,9]:b_1 or [1]:s_0
[0,1,2,3,4,5,6,7,8]:a_1 or [0,1,2,3,4,5,6,7,8]:b_1 or [8]:s_1
[0,1,2,3,4,5,6,7,8]:a_1 or [0,1,2,3,4,5,6,7,8]:b_1 or [1]:s_0
